nhlSeason,gameDate,round,roundGameNo,scoredFirst,roadTeam,rtTotalGoals,rtGoals1P,rtGoals2P,rtGoals3P,rtGoals1OT,rtGoals2OT,rtGoals3OT,rtTotalSOG,rtSOG1P,rtSOG2P,rtSOG3P,rtSOG1OT,rtSOG2OT,rtSOG3OT,rtPowerPlays,rtPPConverted,rtPenMins,rtFaceOffsWon,rtHits,rtBlockedShots,homeTeam,htTotalGoals,htGoals1P,htGoals2P,htGoals3P,htGoals1OT,htGoals2OT,htGoals3OT,htTotalSOG,htSOG1P,htSOG2P,htSOG3P,htSOG1OT,htSOG2OT,htSOG3OT,htPowerPlays,htPPConverted,htPenMins,htFaceOffsWon,htHits,htBlockedShots
1617,2017-04-12,1,1,R,NYR,2,1,0,1,0,0,0,31,5,13,13,0,0,0,4,0,8,28,45,24,MON,0,0,0,0,0,0,0,31,16,9,6,0,0,0,3,0,20,28,53,18
1617,2017-04-12,1,1,H,BOS,2,0,0,2,0,0,0,25,14,0,11,0,0,0,4,0,4,26,27,19,OTT,1,0,1,0,0,0,0,27,9,12,6,0,0,0,2,0,8,26,35,21
1617,2017-04-12,1,1,H,CBJ,1,0,0,1,0,0,0,32,16,4,12,0,0,0,2,0,6,34,49,12,PIT,3,0,3,0,0,0,0,29,3,16,10,0,0,0,3,1,4,41,35,22
1617,2017-04-12,1,1,R,STL,2,0,1,0,1,0,0,26,9,6,6,5,0,0,4,0,6,33,18,21,MIN,1,0,0,1,0,0,0,52,10,16,18,8,0,0,3,0,8,47,35,17
1617,2017-04-12,1,1,H,SJ,3,0,1,1,1,0,0,44,10,10,18,6,0,0,6,1,8,25,34,13,EDM,2,2,0,0,0,0,0,19,10,4,3,2,0,0,3,1,14,19,49,23
1617,2017-04-13,1,1,R,TOR,2,2,0,0,0,0,0,37,15,13,7,2,0,0,1,0,6,38,47,17,WAS,3,1,1,0,1,0,0,44,12,13,13,6,0,0,3,1,2,33,52,11
1617,2017-04-13,1,1,R,NAS,1,1,0,0,0,0,0,20,11,4,5,0,0,0,1,0,4,24,37,26,CHI,0,0,0,0,0,0,0,29,6,12,11,0,0,0,2,0,2,31,33,12
1617,2017-04-13,1,1,H,CAL,2,1,1,0,0,0,0,32,9,11,12,0,0,0,5,1,14,29,33,17,ANA,3,1,2,0,0,0,0,41,17,13,11,0,0,0,7,2,10,49,30,20
1617,2017-04-14,1,2,H,NYR,3,1,2,0,0,0,0,38,9,12,9,8,0,0,3,0,15,39,74,28,MON,4,2,0,1,1,0,0,58,9,18,18,13,0,0,4,0,13,38,55,17
1617,2017-04-14,1,2,H,CBJ,1,0,1,0,0,0,0,40,12,16,12,0,0,0,2,0,28,25,51,13,PIT,4,1,1,2,0,0,0,32,7,12,13,0,0,0,2,0,6,33,30,23
1617,2017-04-14,1,2,R,STL,2,0,1,1,0,0,0,22,5,11,6,0,0,0,2,0,8,26,21,19,MIN,1,0,1,0,0,0,0,24,9,8,7,0,0,0,3,1,6,44,38,8
1617,2017-04-14,1,2,H,SJ,0,0,0,0,0,0,0,16,6,6,4,0,0,0,6,0,8,27,21,25,EDM,2,0,1,1,0,0,0,36,9,12,15,0,0,0,4,0,12,22,41,16
1617,2017-04-15,1,2,R,BOS,3,0,3,0,0,0,0,29,10,13,6,0,0,0,3,1,10,23,53,17,OTT,4,0,1,2,1,0,0,29,9,9,8,3,0,0,4,1,8,27,51,21
1617,2017-04-15,1,2,R,TOR,4,1,2,0,0,1,0,51,11,12,8,13,7,0,5,1,12,61,50,35,WAS,3,0,2,1,0,0,0,50,8,12,14,10,6,0,5,2,12,39,55,26
1617,2017-04-15,1,2,R,NAS,5,1,2,2,0,0,0,29,12,10,7,0,0,0,3,1,4,35,48,15,CHI,0,0,0,0,0,0,0,30,7,14,9,0,0,0,2,0,16,28,31,21
1617,2017-04-15,1,2,H,CAL,2,1,1,0,0,0,0,37,11,15,11,0,0,0,3,1,17,28,34,21,ANA,3,2,0,1,0,0,0,29,12,6,11,0,0,0,4,1,15,40,38,12
1617,2017-04-16,1,3,H,MIN,1,0,1,0,0,0,0,41,9,13,19,0,0,0,4,0,8,42,29,7,STL,3,1,1,1,0,0,0,31,15,8,8,0,0,0,3,1,10,30,31,23
1617,2017-04-16,1,3,H,PIT,5,1,2,1,1,0,0,47,11,19,10,7,0,0,3,1,4,39,31,20,CBJ,4,3,0,1,0,0,0,37,14,8,8,7,0,0,2,1,6,32,33,29
1617,2017-04-16,1,3,R,MON,3,0,1,2,0,0,0,29,10,12,7,0,0,0,3,2,6,31,31,15,NYR,1,0,0,1,0,0,0,21,6,6,9,0,0,0,3,0,6,28,41,13
1617,2017-04-16,1,3,R,EDM,1,0,0,1,0,0,0,22,6,12,4,0,0,0,1,0,4,20,37,19,SJ,0,0,0,0,0,0,0,23,13,4,6,0,0,0,2,0,2,22,58,22
1617,2017-04-17,1,3,R,OTT,4,2,1,0,1,0,0,32,10,11,7,4,0,0,4,2,10,34,38,16,BOS,3,0,3,0,0,0,0,20,3,7,9,1,0,0,3,1,12,28,44,16
1617,2017-04-17,1,3,R,WAS,3,2,1,0,0,0,0,26,7,15,3,1,0,0,3,0,12,30,31,24,TOR,4,1,2,0,1,0,0,28,10,8,9,1,0,0,3,1,12,28,42,11
1617,2017-04-17,1,3,R,CHI,2,0,2,0,0,0,0,36,9,12,10,5,0,0,3,1,6,34,16,30,NAS,3,0,0,2,1,0,0,49,18,9,13,9,0,0,1,0,10,47,32,18
1617,2017-04-17,1,3,H,ANA,5,1,1,2,1,0,0,27,6,8,12,1,0,0,0,0,12,35,23,17,CAL,4,2,2,0,0,0,0,32,11,13,8,0,0,0,5,3,2,39,28,11
1617,2017-04-18,1,4,H,MON,1,1,0,0,0,0,0,24,12,6,6,0,0,0,3,0,4,37,25,18,NYR,2,1,1,0,0,0,0,32,10,12,10,0,0,0,2,0,6,31,43,13
1617,2017-04-18,1,4,H,PIT,4,0,2,2,0,0,0,31,6,12,13,0,0,0,3,1,6,21,23,13,CBJ,5,2,1,2,0,0,0,34,14,13,7,0,0,0,3,0,6,36,27,19
1617,2017-04-18,1,4,H,EDM,0,0,0,0,0,0,0,23,12,5,6,0,0,0,4,0,27,25,34,20,SJ,7,2,4,1,0,0,0,32,14,15,3,0,0,0,8,4,8,36,22,19
1617,2017-04-19,1,4,R,WAS,5,4,0,1,0,0,0,27,15,9,3,0,0,0,1,1,8,32,31,22,TOR,4,1,1,2,0,0,0,34,6,9,19,0,0,0,4,1,2,29,49,17
1617,2017-04-19,1,4,R,OTT,1,0,0,1,0,0,0,27,14,5,8,0,0,0,3,0,2,29,30,11,BOS,0,0,0,0,0,0,0,22,12,5,5,0,0,0,1,0,6,25,37,12
1617,2017-04-19,1,4,R,MIN,2,1,1,0,0,0,0,28,11,10,7,0,0,0,2,0,6,31,28,14,STL,0,0,0,0,0,0,0,28,4,12,12,0,0,0,2,0,6,30,34,12
1617,2017-04-19,1,4,R,ANA,3,2,0,1,0,0,0,25,9,9,7,0,0,0,2,0,6,24,15,9,CAL,1,0,1,0,0,0,0,37,12,13,12,0,0,0,3,1,4,33,28,11
1617,2017-04-20,1,5,H,NYR,3,1,1,0,1,0,0,36,9,10,7,10,0,0,2,0,13,34,49,28,MON,2,2,0,0,0,0,0,36,16,10,7,3,0,0,4,1,9,32,51,28
1617,2017-04-20,1,5,H,CBJ,2,0,2,0,0,0,0,51,15,17,19,0,0,0,3,1,8,23,37,10,PIT,5,1,2,2,0,0,0,32,12,11,9,0,0,0,4,2,6,32,18,16
1617,2017-04-20,1,4,H,CHI,1,0,0,1,0,0,0,31,7,13,11,0,0,0,2,1,6,27,13,16,NAS,4,0,1,3,0,0,0,26,11,9,6,0,0,0,3,0,4,28,21,16
1617,2017-04-20,1,5,H,SJ,3,2,1,0,0,0,0,30,16,5,7,2,0,0,1,0,6,28,20,38,EDM,4,1,1,1,1,0,0,48,13,13,8,14,0,0,3,1,2,41,33,14
1617,2017-04-21,1,5,H,TOR,1,0,1,0,0,0,0,25,6,8,11,0,0,0,4,0,10,30,23,16,WAS,2,1,0,0,1,0,0,28,11,4,11,2,0,0,3,1,12,36,34,22
1617,2017-04-21,1,5,H,BOS,3,0,2,0,0,1,0,39,6,6,9,10,8,0,3,0,12,55,56,19,OTT,2,1,1,0,0,0,0,43,10,9,5,13,6,0,5,0,8,47,39,29
1617,2017-04-22,1,5,R,STL,4,2,0,1,1,0,0,27,12,7,5,3,0,0,4,0,14,31,12,22,MIN,3,1,0,2,0,0,0,37,9,13,13,2,0,0,6,2,10,38,30,15
1617,2017-04-22,1,6,R,MON,1,1,0,0,0,0,0,28,11,9,8,0,0,0,3,0,9,28,33,14,NYR,3,0,2,1,0,0,0,23,6,12,5,0,0,0,1,1,13,27,33,27
1617,2017-04-22,1,6,R,EDM,3,0,2,1,0,0,0,21,9,6,6,0,0,0,1,0,6,23,27,26,SJ,1,0,0,1,0,0,0,28,6,12,10,0,0,0,3,0,2,30,26,17
1617,2017-04-23,1,6,H,OTT,3,0,2,0,1,0,0,29,12,8,3,6,0,0,5,2,6,27,32,8,BOS,2,1,0,1,0,0,0,30,6,12,12,0,0,0,2,1,12,34,42,16
1617,2017-04-23,1,6,H,WAS,2,0,0,1,1,0,0,36,10,11,10,5,0,0,2,0,4,22,38,22,TOR,1,0,0,1,0,0,0,38,14,14,9,1,0,0,1,0,6,39,45,20
